err_1= 0.0
err_2= -5.48022657643e-07
err_3= -5.48022657643e-07
err_4= -1.39380151643e-05
err_5= -0.0011326458828
err_6 = -0.113461273397
w_13 = -3.00000548023
w_14 = 1.99999451977
w_15 = 3.99999451977
w_23 = 1.99998903955
w_24 = -3.00001096045
w_25 = 0.499989039547
w_36 = 0.199898099171
w_46 = 0.699797256387
w_56 = 0.372989171348
